Running Test S(q)
atom in first interaction cell
0.0 0.0 0.0
atom in first interaction cell
0.5 0.5 0.5
atom in first interaction cell
0.0 0.0 1.0
atom in first interaction cell
0.5 0.5 1.5
atom in first interaction cell
0.0 0.0 2.0
atom in first interaction cell
0.5 0.5 2.5
atom in first interaction cell
0.0 1.0 0.0
atom in first interaction cell
0.5 1.5 0.5
atom in first interaction cell
0.0 1.0 1.0
atom in first interaction cell
0.5 1.5 1.5
atom in first interaction cell
0.0 1.0 2.0
atom in first interaction cell
0.5 1.5 2.5
atom in first interaction cell
0.0 2.0 0.0
atom in first interaction cell
0.5 2.5 0.5
atom in first interaction cell
0.0 2.0 1.0
atom in first interaction cell
0.5 2.5 1.5
atom in first interaction cell
0.0 2.0 2.0
atom in first interaction cell
0.5 2.5 2.5
atom in first interaction cell
1.0 0.0 0.0
atom in first interaction cell
1.5 0.5 0.5
atom in first interaction cell
1.0 0.0 1.0
atom in first interaction cell
1.5 0.5 1.5
atom in first interaction cell
1.0 0.0 2.0
atom in first interaction cell
1.5 0.5 2.5
atom in first interaction cell
1.0 1.0 0.0
atom in first interaction cell
1.5 1.5 0.5
atom in first interaction cell
1.0 1.0 1.0
atom in first interaction cell
1.5 1.5 1.5
atom in first interaction cell
1.0 1.0 2.0
atom in first interaction cell
1.5 1.5 2.5
atom in first interaction cell
1.0 2.0 0.0
atom in first interaction cell
1.5 2.5 0.5
atom in first interaction cell
1.0 2.0 1.0
atom in first interaction cell
1.5 2.5 1.5
atom in first interaction cell
1.0 2.0 2.0
atom in first interaction cell
1.5 2.5 2.5
atom in first interaction cell
2.0 0.0 0.0
atom in first interaction cell
2.5 0.5 0.5
atom in first interaction cell
2.0 0.0 1.0
atom in first interaction cell
2.5 0.5 1.5
atom in first interaction cell
2.0 0.0 2.0
atom in first interaction cell
2.5 0.5 2.5
atom in first interaction cell
2.0 1.0 0.0
atom in first interaction cell
2.5 1.5 0.5
atom in first interaction cell
2.0 1.0 1.0
atom in first interaction cell
2.5 1.5 1.5
atom in first interaction cell
2.0 1.0 2.0
atom in first interaction cell
2.5 1.5 2.5
atom in first interaction cell
2.0 2.0 0.0
atom in first interaction cell
2.5 2.5 0.5
atom in first interaction cell
2.0 2.0 1.0
atom in first interaction cell
2.5 2.5 1.5
atom in first interaction cell
2.0 2.0 2.0
atom in first interaction cell
2.5 2.5 2.5
[ 1.  1.  1.] [1, 3, 27, 23, 11]
[ 1.5  1.5  1.5] [0, 28, 32, 44]
[ 0.  0.  0.] [3]
[ 0.5  0.5  0.5] [2, 26, 22, 10, 4, 0, 8, 20]
[ 0.  0.  1.] [5, 3]
[ 0.5  0.5  1.5] [4, 6, 10, 22]
[ 0.  0.  2.] [7, 5]
[ 0.5  0.5  2.5] [6, 12, 24]
[ 0.  1.  0.] [9, 3]
[ 0.5  1.5  0.5] [8, 10, 14, 26]
[ 0.  1.  1.] [11, 3, 9, 5]
[ 0.5  1.5  1.5] [10, 12, 16, 0]
[ 0.  1.  2.] [13, 11, 7]
[ 0.5  1.5  2.5] [12, 18, 28]
[ 0.  2.  0.] [15, 9]
[ 0.5  2.5  0.5] [14, 16, 30]
[ 0.  2.  1.] [17, 15, 11]
[ 0.5  2.5  1.5] [16, 18, 32]
[ 0.  2.  2.] [19, 17, 13]
[ 0.5  2.5  2.5] [18, 34]
[ 1.  0.  0.] [21, 3]
[ 1.5  0.5  0.5] [20, 22, 26, 36]
[ 1.  0.  1.] [23, 3, 21, 5]
[ 1.5  0.5  1.5] [22, 24, 0, 38]
[ 1.  0.  2.] [25, 23, 7]
[ 1.5  0.5  2.5] [24, 28, 40]
[ 1.  1.  0.] [27, 3, 21, 9]
[ 1.5  1.5  0.5] [26, 0, 30, 42]
[ 1.  1.  2.] [29, 1, 25, 13]
[ 1.5  1.5  2.5] [28, 34, 46]
[ 1.  2.  0.] [31, 27, 15]
[ 1.5  2.5  0.5] [30, 32, 48]
[ 1.  2.  1.] [33, 31, 1, 17]
[ 1.5  2.5  1.5] [32, 34, 50]
[ 1.  2.  2.] [35, 33, 29, 19]
[ 1.5  2.5  2.5] [34, 52]
[ 2.  0.  0.] [37, 21]
[ 2.5  0.5  0.5] [36, 38, 42]
[ 2.  0.  1.] [39, 37, 23]
[ 2.5  0.5  1.5] [38, 40, 44]
[ 2.  0.  2.] [41, 39, 25]
[ 2.5  0.5  2.5] [40, 46]
[ 2.  1.  0.] [43, 37, 27]
[ 2.5  1.5  0.5] [42, 44, 48]
[ 2.  1.  1.] [45, 43, 39, 1]
[ 2.5  1.5  1.5] [44, 46, 50]
[ 2.  1.  2.] [47, 45, 41, 29]
[ 2.5  1.5  2.5] [46, 52]
[ 2.  2.  0.] [49, 43, 31]
[ 2.5  2.5  0.5] [48, 50]
[ 2.  2.  1.] [51, 49, 45, 33]
[ 2.5  2.5  1.5] [50, 52]
[ 2.  2.  2.] [53, 51, 47, 35]
[ 2.5  2.5  2.5] [52]



mat: 
[[ 0.60548264  0.32202482  0.72779859]
 [ 0.32202482  0.73714722 -0.59406565]
 [-0.72779859  0.59406565  0.34262986]]



mat: 
[[ 0.19447521  0.65776998 -0.72767991]
 [ 0.65776998  0.46288264  0.59420393]
 [ 0.72767991 -0.59420393 -0.34264215]]



mat: 
[[ 0.60538573  0.32202161  0.72788062]
 [ 0.32202161  0.73721702 -0.59398077]
 [-0.72788062  0.59398077  0.34260275]]



mat: 
[[ 0.19457148  0.65774382 -0.72767782]
 [ 0.65774382  0.46286118  0.59424961]
 [ 0.72767782 -0.59424961 -0.34256734]]



mat: 
[[ 0.60534995  0.32209756  0.72787677]
 [ 0.32209756  0.73711688 -0.59406386]
 [-0.72787677  0.59406386  0.34246683]]



mat: 
[[ 0.19437379  0.65761494 -0.72784711]
 [ 0.65761494  0.4632034   0.59412558]
 [ 0.72784711 -0.59412558 -0.34242281]]



mat: 
[[ 0.60532079  0.3221375   0.72788335]
 [ 0.3221375   0.73707111 -0.594099  ]
 [-0.72788335  0.594099    0.34239189]]



mat: 
[[ 0.19423454  0.65761246 -0.72788653]
 [ 0.65761246  0.46330022  0.59405283]
 [ 0.72788653 -0.59405283 -0.34246524]]



mat: 
[[ 0.60536356  0.32206197  0.7278812 ]
 [ 0.32206197  0.7371659  -0.59402233]
 [-0.7278812   0.59402233  0.34252946]]



mat: 
[[ 0.19424072  0.65769177 -0.72781321]
 [ 0.65769177  0.46316663  0.59406919]
 [ 0.72781321 -0.59406919 -0.34259265]]



mat: 
[[ 0.60533942  0.32209254  0.72788776]
 [ 0.32209254  0.73713208 -0.59404771]
 [-0.72788776  0.59404771  0.3424715 ]]



mat: 
[[ 0.194295    0.65766911 -0.72781921]
 [ 0.65766911  0.46316747  0.59409363]
 [ 0.72781921 -0.59409363 -0.34253753]]



mat: 
[[ 0.60541904  0.32206317  0.72783452]
 [ 0.32206317  0.73712698 -0.59406997]
 [-0.72783452  0.59406997  0.34254602]]



mat: 
[[ 0.1944097   0.65773185 -0.72773188]
 [ 0.65773185  0.46298859  0.5941636 ]
 [ 0.72773188 -0.5941636  -0.34260171]]



mat: 
[[ 0.60537538  0.32208309  0.72786202]
 [ 0.32208309  0.73712355 -0.59406342]
 [-0.72786202  0.59406342  0.34249894]]



mat: 
[[ 0.19423927  0.65765709 -0.72784494]
 [ 0.65765709  0.46322422  0.59406269]
 [ 0.72784494 -0.59406269 -0.34253651]]



mat: 
[[ 0.60541595  0.32207773  0.72783065]
 [ 0.32207773  0.73710528 -0.59408901]
 [-0.72783065  0.59408901  0.34252123]]



mat: 
[[ 0.19442832  0.65773506 -0.727724  ]
 [ 0.65773506  0.46297094  0.5941738 ]
 [ 0.727724   -0.5941738  -0.34260074]]



mat: 
[[ 0.60560934  0.32208355  0.72766718]
 [ 0.32208355  0.73696687 -0.59425754]
 [-0.72766718  0.59425754  0.34257621]]



mat: 
[[ 0.19487336  0.65783137 -0.72751788]
 [ 0.65783137  0.46251671  0.59442087]
 [ 0.72751788 -0.59442087 -0.34260993]]



mat: 
[[ 0.60548417  0.32209686  0.72776544]
 [ 0.32209686  0.73702858 -0.59417378]
 [-0.72776544  0.59417378  0.34251275]]



mat: 
[[ 0.19443953  0.65765618 -0.72779229]
 [ 0.65765618  0.46309227  0.59416656]
 [ 0.72779229 -0.59416656 -0.34246821]]



mat: 
[[ 0.60540034  0.32207143  0.72784642]
 [ 0.32207143  0.73712595 -0.59406676]
 [-0.72784642  0.59406676  0.3425263 ]]



mat: 
[[ 0.19442011  0.6576244  -0.72782619]
 [ 0.6576244   0.46315709  0.59415121]
 [ 0.72782619 -0.59415121 -0.3424228 ]]



mat: 
[[ 0.60540323  0.32205315  0.72785211]
 [ 0.32205315  0.73715387 -0.59404203]
 [-0.72785211  0.59404203  0.3425571 ]]



mat: 
[[ 0.19436287  0.65771436 -0.72776019]
 [ 0.65771436  0.46304836  0.59413638]
 [ 0.72776019 -0.59413638 -0.34258877]]



mat: 
[[ 0.60543462  0.32206797  0.72781944]
 [ 0.32206797  0.73710877 -0.59408996]
 [-0.72781944  0.59408996  0.3425434 ]]



mat: 
[[ 0.19435062  0.65772473 -0.72775409]
 [ 0.65772473  0.46303959  0.59413174]
 [ 0.72775409 -0.59413174 -0.34260979]]



mat: 
[[ 0.60564263  0.32201425  0.72767014]
 [ 0.32201425  0.73705784 -0.59418226]
 [-0.72767014  0.59418226  0.34270047]]



mat: 
[[ 0.19467395  0.65791072 -0.72749951]
 [ 0.65791072  0.46252016  0.59433037]
 [ 0.72749951 -0.59433037 -0.34280589]]



mat: 
[[ 0.60546949  0.32204745  0.72779951]
 [ 0.32204745  0.73711903 -0.59408835]
 [-0.72779951  0.59408835  0.34258852]]



mat: 
[[ 0.19436543  0.65777128 -0.72770806]
 [ 0.65777128  0.46295371  0.59414712]
 [ 0.72770806 -0.59414712 -0.34268086]]



mat: 
[[ 0.6056098   0.3220294   0.72769076]
 [ 0.3220294   0.737055   -0.59417758]
 [-0.72769076  0.59417758  0.34266479]]



mat: 
[[ 0.19472679  0.65788667 -0.72750712]
 [ 0.65788667  0.46252419  0.59435385]
 [ 0.72750712 -0.59435385 -0.34274903]]



mat: 
[[ 0.60594887  0.32203944  0.72740399]
 [ 0.32203944  0.73681233 -0.59447304]
 [-0.72740399  0.59447304  0.34276119]]



mat: 
[[ 0.19529518  0.65804143 -0.72721473]
 [ 0.65804143  0.46189147  0.59467448]
 [ 0.72721473 -0.59467448 -0.34281335]]



mat: 
[[ 0.60541077  0.32211083  0.72782032]
 [ 0.32211083  0.7370547  -0.59413381]
 [-0.72782032  0.59413381  0.34246547]]



mat: 
[[ 0.194462    0.65768687 -0.72775855]
 [ 0.65768687  0.46302717  0.59418332]
 [ 0.72775855 -0.59418332 -0.34251082]]



mat: 
[[ 0.60554415  0.32208918  0.72771893]
 [ 0.32208918  0.73700114 -0.59421199]
 [-0.72771893  0.59421199  0.34254529]]



mat: 
[[ 0.19463925  0.65777025 -0.72763581]
 [ 0.65777025  0.46277281  0.59428918]
 [ 0.72763581 -0.59428918 -0.34258794]]



mat: 
[[ 0.60567225  0.3220634   0.72762373]
 [ 0.3220634   0.73695782 -0.59427968]
 [-0.72762373  0.59427968  0.34263007]]



mat: 
[[ 0.19475458  0.65787881 -0.72750679]
 [ 0.65787881  0.46251848  0.59436699]
 [ 0.72750679 -0.59436699 -0.34272693]]



mat: 
[[ 0.60562318  0.32203302  0.72767802]
 [ 0.32203302  0.73704016 -0.59419402]
 [-0.72767802  0.59419402  0.34266335]]



mat: 
[[ 0.19452527  0.65784112 -0.72760221]
 [ 0.65784112  0.46273306  0.59424168]
 [ 0.72760221 -0.59424168 -0.34274167]]



mat: 
[[ 0.60573904  0.32201592  0.72758915]
 [ 0.32201592  0.73699082 -0.59426449]
 [-0.72758915  0.59426449  0.34272986]]



mat: 
[[ 0.19466978  0.65791861 -0.72749349]
 [ 0.65791861  0.46251006  0.5943295 ]
 [ 0.72749349 -0.5943295  -0.34282016]]



mat: 
[[ 0.60595289  0.32197148  0.72743073]
 [ 0.32197148  0.73692071 -0.5943755 ]
 [-0.72743073  0.5943755   0.3428736 ]]



mat: 
[[ 0.19485182  0.65802421 -0.72734923]
 [ 0.65802421  0.46221594  0.59444139]
 [ 0.72734923 -0.59444139 -0.34293224]]



mat: 
[[ 0.6057222   0.32201033  0.72760564]
 [ 0.32201033  0.73701119 -0.59424226]
 [-0.72760564  0.59424226  0.34273338]]



mat: 
[[ 0.19470817  0.65789507 -0.7275045 ]
 [ 0.65789507  0.46252289  0.59434556]
 [ 0.7275045  -0.59434556 -0.34276894]]



mat: 
[[ 0.60589282  0.32199725  0.72746935]
 [ 0.32199725  0.73691869 -0.59436404]
 [-0.72746935  0.59436404  0.34281152]]



mat: 
[[ 0.19489357  0.6579755  -0.72738211]
 [ 0.6579755   0.46226767  0.59445508]
 [ 0.72738211 -0.59445508 -0.34283876]]



mat: 
[[ 0.6061045   0.32199782  0.72729275]
 [ 0.32199782  0.73677639 -0.59454012]
 [-0.72729275  0.59454012  0.34288089]]



mat: 
[[ 0.19500419  0.65796284 -0.72736392]
 [ 0.65796284  0.46221447  0.59451046]
 [ 0.72736392 -0.59451046 -0.34278134]]
[  5.53371571e-13   5.53371571e-13   6.22543017e-13] 	0.111111127792
[ 0.00055337  0.00055337  0.00062254] 	0.165276732079
[ 0.00110674  0.00110674  0.00124509] 	0.164849498496
[ 0.00166011  0.00166011  0.00186763] 	0.164816282196
[ 0.00221349  0.00221349  0.00249017] 	0.164857826008
[ 0.00276686  0.00276686  0.00311272] 	0.164935161686
[ 0.00332023  0.00332023  0.00373526] 	0.16503858042
[ 0.0038736  0.0038736  0.0043578] 	0.165164629407
[ 0.00442697  0.00442697  0.00498034] 	0.165311731463
[ 0.00498034  0.00498034  0.00560289] 	0.165478994287
[ 0.00553372  0.00553372  0.00622543] 	0.16566580739
[ 0.00608709  0.00608709  0.00684797] 	0.165871683703
[ 0.00664046  0.00664046  0.00747052] 	0.166096190456
[ 0.00719383  0.00719383  0.00809306] 	0.16633891676
[ 0.0077472  0.0077472  0.0087156] 	0.166599457779
[ 0.00830057  0.00830057  0.00933815] 	0.166877406961
[ 0.00885395  0.00885395  0.00996069] 	0.16717235243
[ 0.00940732  0.00940732  0.01058323] 	0.167483875636
[ 0.00996069  0.00996069  0.01120577] 	0.167811551254
[ 0.01051406  0.01051406  0.01182832] 	0.168154947796
[ 0.01106743  0.01106743  0.01245086] 	0.168513628633
[ 0.0116208  0.0116208  0.0130734] 	0.168887153213
[ 0.01217417  0.01217417  0.01369595] 	0.169275078404
[ 0.01272755  0.01272755  0.01431849] 	0.16967695984
[ 0.01328092  0.01328092  0.01494103] 	0.170092353263
[ 0.01383429  0.01383429  0.01556358] 	0.170520815807
[ 0.01438766  0.01438766  0.01618612] 	0.170961907213
[ 0.01494103  0.01494103  0.01680866] 	0.171415190952
[ 0.0154944  0.0154944  0.0174312] 	0.171880235265
[ 0.01604778  0.01604778  0.01805375] 	0.1723566141
[ 0.01660115  0.01660115  0.01867629] 	0.172843907955
[ 0.01715452  0.01715452  0.01929883] 	0.173341704618
[ 0.01770789  0.01770789  0.01992138] 	0.17384959982
[ 0.01826126  0.01826126  0.02054392] 	0.174367197792
[ 0.01881463  0.01881463  0.02116646] 	0.174894111739
[ 0.019368    0.019368    0.02178901] 	0.175429964224
[ 0.01992138  0.01992138  0.02241155] 	0.175974387493
[ 0.02047475  0.02047475  0.02303409] 	0.176527023707
[ 0.02102812  0.02102812  0.02365663] 	0.177087525129
[ 0.02158149  0.02158149  0.02427918] 	0.177655554238
[ 0.02213486  0.02213486  0.02490172] 	0.178230783796
[ 0.02268823  0.02268823  0.02552426] 	0.178812896869
[ 0.02324161  0.02324161  0.02614681] 	0.179401586792
[ 0.02379498  0.02379498  0.02676935] 	0.179996557113
[ 0.02434835  0.02434835  0.02739189] 	0.180597521487
[ 0.02490172  0.02490172  0.02801444] 	0.181204203557
[ 0.02545509  0.02545509  0.02863698] 	0.181816336789
[ 0.02600846  0.02600846  0.02925952] 	0.182433664309
[ 0.02656184  0.02656184  0.02988206] 	0.1830559387
[ 0.02711521  0.02711521  0.03050461] 	0.183682921799
[ 0.02766858  0.02766858  0.03112715] 	0.184314384471
[ 0.02822195  0.02822195  0.03174969] 	0.184950106384
[ 0.02877532  0.02877532  0.03237224] 	0.185589875766
[ 0.02932869  0.02932869  0.03299478] 	0.186233489161
[ 0.02988206  0.02988206  0.03361732] 	0.186880751183
[ 0.03043544  0.03043544  0.03423987] 	0.187531474267
[ 0.03098881  0.03098881  0.03486241] 	0.188185478415
[ 0.03154218  0.03154218  0.03548495] 	0.188842590948
[ 0.03209555  0.03209555  0.0361075 ] 	0.189502646258
[ 0.03264892  0.03264892  0.03673004] 	0.190165485561
[ 0.03320229  0.03320229  0.03735258] 	0.190830956657
[ 0.03375567  0.03375567  0.03797512] 	0.191498913688
[ 0.03430904  0.03430904  0.03859767] 	0.192169216908
[ 0.03486241  0.03486241  0.03922021] 	0.192841732452
[ 0.03541578  0.03541578  0.03984275] 	0.19351633211
[ 0.03596915  0.03596915  0.0404653 ] 	0.194192893117
[ 0.03652252  0.03652252  0.04108784] 	0.194871297934
[ 0.0370759   0.0370759   0.04171038] 	0.195551434046
[ 0.03762927  0.03762927  0.04233293] 	0.19623319376
[ 0.03818264  0.03818264  0.04295547] 	0.196916474018
[ 0.03873601  0.03873601  0.04357801] 	0.197601176201
[ 0.03928938  0.03928938  0.04420055] 	0.198287205955
[ 0.03984275  0.03984275  0.0448231 ] 	0.198974473018
[ 0.04039612  0.04039612  0.04544564] 	0.199662891045
[ 0.0409495   0.0409495   0.04606818] 	0.200352377452
[ 0.04150287  0.04150287  0.04669073] 	0.20104285326
[ 0.04205624  0.04205624  0.04731327] 	0.20173424294
[ 0.04260961  0.04260961  0.04793581] 	0.202426474274
[ 0.04316298  0.04316298  0.04855836] 	0.203119478213
[ 0.04371635  0.04371635  0.0491809 ] 	0.203813188748
[ 0.04426973  0.04426973  0.04980344] 	0.204507542775
[ 0.0448231   0.0448231   0.05042598] 	0.205202479978
[ 0.04537647  0.04537647  0.05104853] 	0.205897942711
[ 0.04592984  0.04592984  0.05167107] 	0.206593875881
[ 0.04648321  0.04648321  0.05229361] 	0.207290226844
[ 0.04703658  0.04703658  0.05291616] 	0.207986945299
[ 0.04758996  0.04758996  0.0535387 ] 	0.208683983188
[ 0.04814333  0.04814333  0.05416124] 	0.209381294603
[ 0.0486967   0.0486967   0.05478379] 	0.210078835692
[ 0.04925007  0.04925007  0.05540633] 	0.210776564573
[ 0.04980344  0.04980344  0.05602887] 	0.211474441252
[ 0.05035681  0.05035681  0.05665141] 	0.212172427538
[ 0.05091018  0.05091018  0.05727396] 	0.212870486972
[ 0.05146356  0.05146356  0.0578965 ] 	0.213568584749
[ 0.05201693  0.05201693  0.05851904] 	0.214266687651
[ 0.0525703   0.0525703   0.05914159] 	0.214964763976
[ 0.05312367  0.05312367  0.05976413] 	0.215662783479
[ 0.05367704  0.05367704  0.06038667] 	0.216360717306
[ 0.05423041  0.05423041  0.06100922] 	0.217058537935
[ 0.05478379  0.05478379  0.06163176] 	0.217756219123
[ 0.05533716  0.05533716  0.0622543 ] 	0.218453735851
[ 0.05589053  0.05589053  0.06287684] 	0.219151064268
[ 0.0564439   0.0564439   0.06349939] 	0.219848181649
[ 0.05699727  0.05699727  0.06412193] 	0.22054506634
[ 0.05755064  0.05755064  0.06474447] 	0.22124169772
[ 0.05810401  0.05810401  0.06536702] 	0.221938056154
[ 0.05865739  0.05865739  0.06598956] 	0.222634122949
[ 0.05921076  0.05921076  0.0666121 ] 	0.22332988032
[ 0.05976413  0.05976413  0.06723465] 	0.22402531135
[ 0.0603175   0.0603175   0.06785719] 	0.22472039995
[ 0.06087087  0.06087087  0.06847973] 	0.225415130831
[ 0.06142424  0.06142424  0.06910227] 	0.226109489465
[ 0.06197762  0.06197762  0.06972482] 	0.226803462055
[ 0.06253099  0.06253099  0.07034736] 	0.227497035507
[ 0.06308436  0.06308436  0.0709699 ] 	0.228190197396
[ 0.06363773  0.06363773  0.07159245] 	0.228882935944
[ 0.0641911   0.0641911   0.07221499] 	0.229575239987
[ 0.06474447  0.06474447  0.07283753] 	0.230267098955
[ 0.06529785  0.06529785  0.07346008] 	0.230958502843
[ 0.06585122  0.06585122  0.07408262] 	0.231649442191
[ 0.06640459  0.06640459  0.07470516] 	0.232339908058
[ 0.06695796  0.06695796  0.07532771] 	0.233029892005
[ 0.06751133  0.06751133  0.07595025] 	0.23371938607
[ 0.0680647   0.0680647   0.07657279] 	0.234408382751
[ 0.06861807  0.06861807  0.07719533] 	0.235096874986
[ 0.06917145  0.06917145  0.07781788] 	0.235784856134
[ 0.06972482  0.06972482  0.07844042] 	0.23647231996
[ 0.07027819  0.07027819  0.07906296] 	0.237159260615
[ 0.07083156  0.07083156  0.07968551] 	0.237845672625
[ 0.07138493  0.07138493  0.08030805] 	0.23853155087
[ 0.0719383   0.0719383   0.08093059] 	0.239216890572
[ 0.07249168  0.07249168  0.08155314] 	0.239901687283
[ 0.07304505  0.07304505  0.08217568] 	0.240585936866
[ 0.07359842  0.07359842  0.08279822] 	0.24126963549
[ 0.07415179  0.07415179  0.08342076] 	0.241952779608
[ 0.07470516  0.07470516  0.08404331] 	0.242635365953
[ 0.07525853  0.07525853  0.08466585] 	0.243317391524
[ 0.07581191  0.07581191  0.08528839] 	0.243998853573
[ 0.07636528  0.07636528  0.08591094] 	0.244679749597
[ 0.07691865  0.07691865  0.08653348] 	0.245360077327
[ 0.07747202  0.07747202  0.08715602] 	0.246039834719
[ 0.07802539  0.07802539  0.08777857] 	0.246719019943
[ 0.07857876  0.07857876  0.08840111] 	0.247397631377
[ 0.07913213  0.07913213  0.08902365] 	0.248075667594
[ 0.07968551  0.07968551  0.08964619] 	0.24875312736
[ 0.08023888  0.08023888  0.09026874] 	0.249430009618
[ 0.08079225  0.08079225  0.09089128] 	0.25010631349
[ 0.08134562  0.08134562  0.09151382] 	0.250782038262
[ 0.08189899  0.08189899  0.09213637] 	0.251457183378
[ 0.08245236  0.08245236  0.09275891] 	0.25213174844
[ 0.08300574  0.08300574  0.09338145] 	0.252805733191
[ 0.08355911  0.08355911  0.094004  ] 	0.253479137519
[ 0.08411248  0.08411248  0.09462654] 	0.254151961444
[ 0.08466585  0.08466585  0.09524908] 	0.254824205115
[ 0.08521922  0.08521922  0.09587162] 	0.255495868806
[ 0.08577259  0.08577259  0.09649417] 	0.256166952906
[ 0.08632597  0.08632597  0.09711671] 	0.25683745792
[ 0.08687934  0.08687934  0.09773925] 	0.257507384459
[ 0.08743271  0.08743271  0.0983618 ] 	0.258176733239
[ 0.08798608  0.08798608  0.09898434] 	0.258845505074
[ 0.08853945  0.08853945  0.09960688] 	0.259513700873
[ 0.08909282  0.08909282  0.10022943] 	0.260181321634
[ 0.08964619  0.08964619  0.10085197] 	0.260848368444
[ 0.09019957  0.09019957  0.10147451] 	0.261514842472
[ 0.09075294  0.09075294  0.10209705] 	0.262180744964
[ 0.09130631  0.09130631  0.1027196 ] 	0.262846077244
[ 0.09185968  0.09185968  0.10334214] 	0.263510840707
[ 0.09241305  0.09241305  0.10396468] 	0.264175036816
[ 0.09296642  0.09296642  0.10458723] 	0.2648386671
[ 0.0935198   0.0935198   0.10520977] 	0.265501733152
[ 0.09407317  0.09407317  0.10583231] 	0.266164236623
[ 0.09462654  0.09462654  0.10645486] 	0.266826179221
[ 0.09517991  0.09517991  0.1070774 ] 	0.267487562709
[ 0.09573328  0.09573328  0.10769994] 	0.268148388901
[ 0.09628665  0.09628665  0.10832249] 	0.26880865966
[ 0.09684002  0.09684002  0.10894503] 	0.269468376897
[ 0.0973934   0.0973934   0.10956757] 	0.270127542565
[ 0.09794677  0.09794677  0.11019011] 	0.270786158662
[ 0.09850014  0.09850014  0.11081266] 	0.271444227224
[ 0.09905351  0.09905351  0.1114352 ] 	0.272101750325
[ 0.09960688  0.09960688  0.11205774] 	0.272758730076
[ 0.10016025  0.10016025  0.11268029] 	0.273415168623
[ 0.10071363  0.10071363  0.11330283] 	0.274071068142
[ 0.101267    0.101267    0.11392537] 	0.27472643084
[ 0.10182037  0.10182037  0.11454792] 	0.275381258955
[ 0.10237374  0.10237374  0.11517046] 	0.276035554751
[ 0.10292711  0.10292711  0.115793  ] 	0.276689320516
[ 0.10348048  0.10348048  0.11641554] 	0.277342558564
[ 0.10403386  0.10403386  0.11703809] 	0.277995271233
[ 0.10458723  0.10458723  0.11766063] 	0.278647460879
[ 0.1051406   0.1051406   0.11828317] 	0.279299129881
[ 0.10569397  0.10569397  0.11890572] 	0.279950280634
[ 0.10624734  0.10624734  0.11952826] 	0.280600915554
[ 0.10680071  0.10680071  0.1201508 ] 	0.28125103707
[ 0.10735408  0.10735408  0.12077335] 	0.281900647628
[ 0.10790746  0.10790746  0.12139589] 	0.282549749688
[ 0.10846083  0.10846083  0.12201843] 	0.283198345722
[ 0.1090142   0.1090142   0.12264097] 	0.283846438214
[ 0.10956757  0.10956757  0.12326352] 	0.284494029661
[ 0.11012094  0.11012094  0.12388606] 	0.285141122567
[ 0.11067431  0.11067431  0.1245086 ] 	0.285787719449
[ 0.11122769  0.11122769  0.12513115] 	0.286433822828
[ 0.11178106  0.11178106  0.12575369] 	0.287079435236
[ 0.11233443  0.11233443  0.12637623] 	0.287724559209
[ 0.1128878   0.1128878   0.12699878] 	0.288369197292
[ 0.11344117  0.11344117  0.12762132] 	0.289013352031
[ 0.11399454  0.11399454  0.12824386] 	0.289657025981
[ 0.11454792  0.11454792  0.1288664 ] 	0.290300221697
[ 0.11510129  0.11510129  0.12948895] 	0.290942941739
[ 0.11565466  0.11565466  0.13011149] 	0.291585188669
[ 0.11620803  0.11620803  0.13073403] 	0.29222696505
[ 0.1167614   0.1167614   0.13135658] 	0.292868273449
[ 0.11731477  0.11731477  0.13197912] 	0.293509116431
[ 0.11786814  0.11786814  0.13260166] 	0.294149496562
[ 0.11842152  0.11842152  0.13322421] 	0.294789416407
[ 0.11897489  0.11897489  0.13384675] 	0.295428878532
[ 0.11952826  0.11952826  0.13446929] 	0.296067885501
[ 0.12008163  0.12008163  0.13509183] 	0.296706439874
[ 0.120635    0.120635    0.13571438] 	0.297344544211
[ 0.12118837  0.12118837  0.13633692] 	0.29798220107
[ 0.12174175  0.12174175  0.13695946] 	0.298619413005
[ 0.12229512  0.12229512  0.13758201] 	0.299256182565
[ 0.12284849  0.12284849  0.13820455] 	0.299892512298
[ 0.12340186  0.12340186  0.13882709] 	0.300528404747
[ 0.12395523  0.12395523  0.13944964] 	0.301163862449
[ 0.1245086   0.1245086   0.14007218] 	0.301798887937
[ 0.12506198  0.12506198  0.14069472] 	0.302433483741
[ 0.12561535  0.12561535  0.14131726] 	0.303067652382
[ 0.12616872  0.12616872  0.14193981] 	0.303701396378
[ 0.12672209  0.12672209  0.14256235] 	0.304334718241
[ 0.12727546  0.12727546  0.14318489] 	0.304967620474
[ 0.12782883  0.12782883  0.14380744] 	0.305600105577
[ 0.1283822   0.1283822   0.14442998] 	0.306232176041
[ 0.12893558  0.12893558  0.14505252] 	0.306863834352
[ 0.12948895  0.12948895  0.14567507] 	0.307495082986
[ 0.13004232  0.13004232  0.14629761] 	0.308125924414
[ 0.13059569  0.13059569  0.14692015] 	0.3087563611
[ 0.13114906  0.13114906  0.1475427 ] 	0.309386395497
[ 0.13170243  0.13170243  0.14816524] 	0.310016030053
[ 0.13225581  0.13225581  0.14878778] 	0.310645267208
[ 0.13280918  0.13280918  0.14941032] 	0.311274109391
[ 0.13336255  0.13336255  0.15003287] 	0.311902559025
[ 0.13391592  0.13391592  0.15065541] 	0.312530618525
[ 0.13446929  0.13446929  0.15127795] 	0.313158290295
[ 0.13502266  0.13502266  0.1519005 ] 	0.313785576731
[ 0.13557603  0.13557603  0.15252304] 	0.314412480222
[ 0.13612941  0.13612941  0.15314558] 	0.315039003144
[ 0.13668278  0.13668278  0.15376813] 	0.315665147868
[ 0.13723615  0.13723615  0.15439067] 	0.316290916753
[ 0.13778952  0.13778952  0.15501321] 	0.31691631215
[ 0.13834289  0.13834289  0.15563575] 	0.3175413364
[ 0.13889626  0.13889626  0.1562583 ] 	0.318165991834
[ 0.13944964  0.13944964  0.15688084] 	0.318790280774
[ 0.14000301  0.14000301  0.15750338] 	0.319414205533
[ 0.14055638  0.14055638  0.15812593] 	0.320037768412
[ 0.14110975  0.14110975  0.15874847] 	0.320660971705
[ 0.14166312  0.14166312  0.15937101] 	0.321283817693
[ 0.14221649  0.14221649  0.15999356] 	0.32190630865
[ 0.14276987  0.14276987  0.1606161 ] 	0.322528446838
[ 0.14332324  0.14332324  0.16123864] 	0.323150234509
[ 0.14387661  0.14387661  0.16186118] 	0.323771673907
[ 0.14442998  0.14442998  0.16248373] 	0.324392767263
[ 0.14498335  0.14498335  0.16310627] 	0.325013516799
[ 0.14553672  0.14553672  0.16372881] 	0.325633924728
[ 0.14609009  0.14609009  0.16435136] 	0.326253993251
[ 0.14664347  0.14664347  0.1649739 ] 	0.326873724559
[ 0.14719684  0.14719684  0.16559644] 	0.327493120833
[ 0.14775021  0.14775021  0.16621899] 	0.328112184244
[ 0.14830358  0.14830358  0.16684153] 	0.328730916952
[ 0.14885695  0.14885695  0.16746407] 	0.329349321107
[ 0.14941032  0.14941032  0.16808661] 	0.329967398849
[ 0.1499637   0.1499637   0.16870916] 	0.330585152307
[ 0.15051707  0.15051707  0.1693317 ] 	0.3312025836
[ 0.15107044  0.15107044  0.16995424] 	0.331819694836
[ 0.15162381  0.15162381  0.17057679] 	0.332436488113
[ 0.15217718  0.15217718  0.17119933] 	0.333052965519
[ 0.15273055  0.15273055  0.17182187] 	0.33366912913
[ 0.15328393  0.15328393  0.17244442] 	0.334284981015
[ 0.1538373   0.1538373   0.17306696] 	0.334900523228
[ 0.15439067  0.15439067  0.1736895 ] 	0.335515757817
[ 0.15494404  0.15494404  0.17431204] 	0.336130686816
[ 0.15549741  0.15549741  0.17493459] 	0.336745312252
[ 0.15605078  0.15605078  0.17555713] 	0.337359636138
[ 0.15660415  0.15660415  0.17617967] 	0.337973660481
[ 0.15715753  0.15715753  0.17680222] 	0.338587387273
[ 0.1577109   0.1577109   0.17742476] 	0.339200818499
[ 0.15826427  0.15826427  0.1780473 ] 	0.339813956133
[ 0.15881764  0.15881764  0.17866985] 	0.340426802139
[ 0.15937101  0.15937101  0.17929239] 	0.341039358468
[ 0.15992438  0.15992438  0.17991493] 	0.341651627065
[ 0.16047776  0.16047776  0.18053748] 	0.342263609862
[ 0.16103113  0.16103113  0.18116002] 	0.342875308783
[ 0.1615845   0.1615845   0.18178256] 	0.343486725738
[ 0.16213787  0.16213787  0.1824051 ] 	0.344097862632
[ 0.16269124  0.16269124  0.18302765] 	0.344708721355
[ 0.16324461  0.16324461  0.18365019] 	0.345319303792
[ 0.16379799  0.16379799  0.18427273] 	0.345929611813
[ 0.16435136  0.16435136  0.18489528] 	0.346539647281
[ 0.16490473  0.16490473  0.18551782] 	0.347149412049
[ 0.1654581   0.1654581   0.18614036] 	0.347758907958
[ 0.16601147  0.16601147  0.18676291] 	0.348368136842
[ 0.16656484  0.16656484  0.18738545] 	0.348977100523
[ 0.16711821  0.16711821  0.18800799] 	0.349585800815
[ 0.16767159  0.16767159  0.18863053] 	0.350194239519
[ 0.16822496  0.16822496  0.18925308] 	0.35080241843
[ 0.16877833  0.16877833  0.18987562] 	0.35141033933
[ 0.1693317   0.1693317   0.19049816] 	0.352018003995
[ 0.16988507  0.16988507  0.19112071] 	0.352625414189
[ 0.17043844  0.17043844  0.19174325] 	0.353232571666
[ 0.17099182  0.17099182  0.19236579] 	0.353839478171
[ 0.17154519  0.17154519  0.19298834] 	0.35444613544
[ 0.17209856  0.17209856  0.19361088] 	0.3550525452
[ 0.17265193  0.17265193  0.19423342] 	0.355658709168
[ 0.1732053   0.1732053   0.19485596] 	0.35626462905
[ 0.17375867  0.17375867  0.19547851] 	0.356870306544
[ 0.17431204  0.17431204  0.19610105] 	0.357475743341
[ 0.17486542  0.17486542  0.19672359] 	0.358080941119
[ 0.17541879  0.17541879  0.19734614] 	0.358685901548
[ 0.17597216  0.17597216  0.19796868] 	0.35929062629
[ 0.17652553  0.17652553  0.19859122] 	0.359895116997
[ 0.1770789   0.1770789   0.19921377] 	0.360499375311
[ 0.17763227  0.17763227  0.19983631] 	0.361103402867
[ 0.17818565  0.17818565  0.20045885] 	0.361707201289
[ 0.17873902  0.17873902  0.20108139] 	0.362310772194
[ 0.17929239  0.17929239  0.20170394] 	0.362914117188
[ 0.17984576  0.17984576  0.20232648] 	0.363517237869
[ 0.18039913  0.18039913  0.20294902] 	0.364120135828
[ 0.1809525   0.1809525   0.20357157] 	0.364722812644
[ 0.18150588  0.18150588  0.20419411] 	0.36532526989
[ 0.18205925  0.18205925  0.20481665] 	0.365927509127
[ 0.18261262  0.18261262  0.2054392 ] 	0.366529531912
[ 0.18316599  0.18316599  0.20606174] 	0.36713133979
[ 0.18371936  0.18371936  0.20668428] 	0.367732934298
[ 0.18427273  0.18427273  0.20730682] 	0.368334316965
[ 0.1848261   0.1848261   0.20792937] 	0.368935489312
[ 0.18537948  0.18537948  0.20855191] 	0.36953645285
[ 0.18593285  0.18593285  0.20917445] 	0.370137209083
[ 0.18648622  0.18648622  0.209797  ] 	0.370737759506
[ 0.18703959  0.18703959  0.21041954] 	0.371338105606
[ 0.18759296  0.18759296  0.21104208] 	0.371938248863
[ 0.18814633  0.18814633  0.21166463] 	0.372538190746
[ 0.18869971  0.18869971  0.21228717] 	0.373137932718
[ 0.18925308  0.18925308  0.21290971] 	0.373737476233
[ 0.18980645  0.18980645  0.21353225] 	0.374336822738
[ 0.19035982  0.19035982  0.2141548 ] 	0.37493597367
[ 0.19091319  0.19091319  0.21477734] 	0.37553493046
[ 0.19146656  0.19146656  0.21539988] 	0.376133694531
[ 0.19201994  0.19201994  0.21602243] 	0.376732267296
[ 0.19257331  0.19257331  0.21664497] 	0.377330650163
[ 0.19312668  0.19312668  0.21726751] 	0.37792884453
[ 0.19368005  0.19368005  0.21789006] 	0.378526851788
[ 0.19423342  0.19423342  0.2185126 ] 	0.379124673321
[ 0.19478679  0.19478679  0.21913514] 	0.379722310504
[ 0.19534016  0.19534016  0.21975769] 	0.380319764706
[ 0.19589354  0.19589354  0.22038023] 	0.380917037287
[ 0.19644691  0.19644691  0.22100277] 	0.381514129599
[ 0.19700028  0.19700028  0.22162531] 	0.38211104299
[ 0.19755365  0.19755365  0.22224786] 	0.382707778796
[ 0.19810702  0.19810702  0.2228704 ] 	0.383304338348
[ 0.19866039  0.19866039  0.22349294] 	0.383900722971
[ 0.19921377  0.19921377  0.22411549] 	0.384496933979
[ 0.19976714  0.19976714  0.22473803] 	0.385092972681
[ 0.20032051  0.20032051  0.22536057] 	0.38568884038
[ 0.20087388  0.20087388  0.22598312] 	0.386284538369
[ 0.20142725  0.20142725  0.22660566] 	0.386880067935
[ 0.20198062  0.20198062  0.2272282 ] 	0.38747543036
[ 0.202534    0.202534    0.22785074] 	0.388070626915
[ 0.20308737  0.20308737  0.22847329] 	0.388665658867
[ 0.20364074  0.20364074  0.22909583] 	0.389260527475
[ 0.20419411  0.20419411  0.22971837] 	0.389855233992
[ 0.20474748  0.20474748  0.23034092] 	0.390449779662
[ 0.20530085  0.20530085  0.23096346] 	0.391044165723
[ 0.20585422  0.20585422  0.231586  ] 	0.391638393409
[ 0.2064076   0.2064076   0.23220855] 	0.392232463942
[ 0.20696097  0.20696097  0.23283109] 	0.392826378542
[ 0.20751434  0.20751434  0.23345363] 	0.39342013842
[ 0.20806771  0.20806771  0.23407617] 	0.39401374478
[ 0.20862108  0.20862108  0.23469872] 	0.394607198822
[ 0.20917445  0.20917445  0.23532126] 	0.395200501736
[ 0.20972783  0.20972783  0.2359438 ] 	0.395793654707
[ 0.2102812   0.2102812   0.23656635] 	0.396386658915
[ 0.21083457  0.21083457  0.23718889] 	0.396979515531
[ 0.21138794  0.21138794  0.23781143] 	0.397572225721
[ 0.21194131  0.21194131  0.23843398] 	0.398164790645
[ 0.21249468  0.21249468  0.23905652] 	0.398757211456
[ 0.21304805  0.21304805  0.23967906] 	0.3993494893
[ 0.21360143  0.21360143  0.2403016 ] 	0.399941625318
[ 0.2141548   0.2141548   0.24092415] 	0.400533620644
[ 0.21470817  0.21470817  0.24154669] 	0.401125476407
[ 0.21526154  0.21526154  0.24216923] 	0.401717193728
[ 0.21581491  0.21581491  0.24279178] 	0.402308773723
[ 0.21636828  0.21636828  0.24341432] 	0.402900217503
[ 0.21692166  0.21692166  0.24403686] 	0.40349152617
[ 0.21747503  0.21747503  0.24465941] 	0.404082700823
[ 0.2180284   0.2180284   0.24528195] 	0.404673742554
[ 0.21858177  0.21858177  0.24590449] 	0.405264652448
[ 0.21913514  0.21913514  0.24652703] 	0.405855431586
[ 0.21968851  0.21968851  0.24714958] 	0.406446081042
[ 0.22024189  0.22024189  0.24777212] 	0.407036601884
[ 0.22079526  0.22079526  0.24839466] 	0.407626995174
[ 0.22134863  0.22134863  0.24901721] 	0.408217261971
[ 0.221902    0.221902    0.24963975] 	0.408807403324
[ 0.22245537  0.22245537  0.25026229] 	0.40939742028
[ 0.22300874  0.22300874  0.25088484] 	0.409987313879
[ 0.22356211  0.22356211  0.25150738] 	0.410577085153
[ 0.22411549  0.22411549  0.25212992] 	0.411166735134
[ 0.22466886  0.22466886  0.25275247] 	0.411756264842
[ 0.22522223  0.22522223  0.25337501] 	0.412345675297
[ 0.2257756   0.2257756   0.25399755] 	0.412934967511
[ 0.22632897  0.22632897  0.25462009] 	0.41352414249
[ 0.22688234  0.22688234  0.25524264] 	0.414113201235
[ 0.22743572  0.22743572  0.25586518] 	0.414702144744
[ 0.22798909  0.22798909  0.25648772] 	0.415290974006
[ 0.22854246  0.22854246  0.25711027] 	0.415879690006
[ 0.22909583  0.22909583  0.25773281] 	0.416468293726
[ 0.2296492   0.2296492   0.25835535] 	0.41705678614
[ 0.23020257  0.23020257  0.2589779 ] 	0.417645168217
[ 0.23075595  0.23075595  0.25960044] 	0.418233440923
[ 0.23130932  0.23130932  0.26022298] 	0.418821605217
[ 0.23186269  0.23186269  0.26084552] 	0.419409662052
[ 0.23241606  0.23241606  0.26146807] 	0.419997612379
[ 0.23296943  0.23296943  0.26209061] 	0.420585457141
[ 0.2335228   0.2335228   0.26271315] 	0.421173197278
[ 0.23407617  0.23407617  0.2633357 ] 	0.421760833723
[ 0.23462955  0.23462955  0.26395824] 	0.422348367407
[ 0.23518292  0.23518292  0.26458078] 	0.422935799254
[ 0.23573629  0.23573629  0.26520333] 	0.423523130182
[ 0.23628966  0.23628966  0.26582587] 	0.424110361107
[ 0.23684303  0.23684303  0.26644841] 	0.424697492938
[ 0.2373964   0.2373964   0.26707095] 	0.42528452658
[ 0.23794978  0.23794978  0.2676935 ] 	0.425871462934
[ 0.23850315  0.23850315  0.26831604] 	0.426458302894
[ 0.23905652  0.23905652  0.26893858] 	0.427045047352
[ 0.23960989  0.23960989  0.26956113] 	0.427631697194
[ 0.24016326  0.24016326  0.27018367] 	0.428218253301
[ 0.24071663  0.24071663  0.27080621] 	0.42880471655
[ 0.24127     0.24127     0.27142876] 	0.429391087813
[ 0.24182338  0.24182338  0.2720513 ] 	0.429977367958
[ 0.24237675  0.24237675  0.27267384] 	0.430563557847
[ 0.24293012  0.24293012  0.27329638] 	0.43114965834
[ 0.24348349  0.24348349  0.27391893] 	0.43173567029
[ 0.24403686  0.24403686  0.27454147] 	0.432321594547
[ 0.24459023  0.24459023  0.27516401] 	0.432907431956
[ 0.24514361  0.24514361  0.27578656] 	0.433493183357
[ 0.24569698  0.24569698  0.2764091 ] 	0.434078849589
[ 0.24625035  0.24625035  0.27703164] 	0.434664431481
[ 0.24680372  0.24680372  0.27765419] 	0.435249929863
[ 0.24735709  0.24735709  0.27827673] 	0.435835345557
[ 0.24791046  0.24791046  0.27889927] 	0.436420679383
[ 0.24846384  0.24846384  0.27952181] 	0.437005932155
[ 0.24901721  0.24901721  0.28014436] 	0.437591104684
[ 0.24957058  0.24957058  0.2807669 ] 	0.438176197777
[ 0.25012395  0.25012395  0.28138944] 	0.438761212237
[ 0.25067732  0.25067732  0.28201199] 	0.43934614886
[ 0.25123069  0.25123069  0.28263453] 	0.439931008441
[ 0.25178406  0.25178406  0.28325707] 	0.440515791771
[ 0.25233744  0.25233744  0.28387962] 	0.441100499635
[ 0.25289081  0.25289081  0.28450216] 	0.441685132814
[ 0.25344418  0.25344418  0.2851247 ] 	0.442269692088
[ 0.25399755  0.25399755  0.28574725] 	0.442854178229
[ 0.25455092  0.25455092  0.28636979] 	0.443438592007
[ 0.25510429  0.25510429  0.28699233] 	0.444022934189
[ 0.25565767  0.25565767  0.28761487] 	0.444607205536
[ 0.25621104  0.25621104  0.28823742] 	0.445191406806
[ 0.25676441  0.25676441  0.28885996] 	0.445775538754
[ 0.25731778  0.25731778  0.2894825 ] 	0.44635960213
[ 0.25787115  0.25787115  0.29010505] 	0.446943597681
[ 0.25842452  0.25842452  0.29072759] 	0.447527526149
[ 0.2589779   0.2589779   0.29135013] 	0.448111388273
[ 0.25953127  0.25953127  0.29197268] 	0.448695184788
[ 0.26008464  0.26008464  0.29259522] 	0.449278916426
[ 0.26063801  0.26063801  0.29321776] 	0.449862583915
[ 0.26119138  0.26119138  0.2938403 ] 	0.450446187978
[ 0.26174475  0.26174475  0.29446285] 	0.451029729335
[ 0.26229812  0.26229812  0.29508539] 	0.451613208705
[ 0.2628515   0.2628515   0.29570793] 	0.452196626799
[ 0.26340487  0.26340487  0.29633048] 	0.452779984327
[ 0.26395824  0.26395824  0.29695302] 	0.453363281995
[ 0.26451161  0.26451161  0.29757556] 	0.453946520506
[ 0.26506498  0.26506498  0.29819811] 	0.454529700558
[ 0.26561835  0.26561835  0.29882065] 	0.455112822846
[ 0.26617173  0.26617173  0.29944319] 	0.455695888062
[ 0.2667251   0.2667251   0.30006573] 	0.456278896894
[ 0.26727847  0.26727847  0.30068828] 	0.456861850028
[ 0.26783184  0.26783184  0.30131082] 	0.457444748144
[ 0.26838521  0.26838521  0.30193336] 	0.458027591921
[ 0.26893858  0.26893858  0.30255591] 	0.458610382033
[ 0.26949196  0.26949196  0.30317845] 	0.459193119152
[ 0.27004533  0.27004533  0.30380099] 	0.459775803944
[ 0.2705987   0.2705987   0.30442354] 	0.460358437075
[ 0.27115207  0.27115207  0.30504608] 	0.460941019206
[ 0.27170544  0.27170544  0.30566862] 	0.461523550995
[ 0.27225881  0.27225881  0.30629116] 	0.462106033096
[ 0.27281218  0.27281218  0.30691371] 	0.462688466161
[ 0.27336556  0.27336556  0.30753625] 	0.463270850838
[ 0.27391893  0.27391893  0.30815879] 	0.463853187771
[ 0.2744723   0.2744723   0.30878134] 	0.464435477602
[ 0.27502567  0.27502567  0.30940388] 	0.465017720971
[ 0.27557904  0.27557904  0.31002642] 	0.465599918512
[ 0.27613241  0.27613241  0.31064897] 	0.466182070857
[ 0.27668579  0.27668579  0.31127151] 	0.466764178635
[ 0.27723916  0.27723916  0.31189405] 	0.467346242473
[ 0.27779253  0.27779253  0.31251659] 	0.467928262993
[ 0.2783459   0.2783459   0.31313914] 	0.468510240816
[ 0.27889927  0.27889927  0.31376168] 	0.469092176557
[ 0.27945264  0.27945264  0.31438422] 	0.469674070831
[ 0.28000601  0.28000601  0.31500677] 	0.470255924248
[ 0.28055939  0.28055939  0.31562931] 	0.470837737415
[ 0.28111276  0.28111276  0.31625185] 	0.471419510939
[ 0.28166613  0.28166613  0.3168744 ] 	0.472001245419
[ 0.2822195   0.2822195   0.31749694] 	0.472582941456
[ 0.28277287  0.28277287  0.31811948] 	0.473164599645
[ 0.28332624  0.28332624  0.31874202] 	0.473746220579
[ 0.28387962  0.28387962  0.31936457] 	0.474327804848
[ 0.28443299  0.28443299  0.31998711] 	0.474909353039
[ 0.28498636  0.28498636  0.32060965] 	0.475490865736
[ 0.28553973  0.28553973  0.3212322 ] 	0.476072343521
[ 0.2860931   0.2860931   0.32185474] 	0.476653786973
[ 0.28664647  0.28664647  0.32247728] 	0.477235196667
[ 0.28719985  0.28719985  0.32309983] 	0.477816573176
[ 0.28775322  0.28775322  0.32372237] 	0.478397917071
[ 0.28830659  0.28830659  0.32434491] 	0.478979228919
[ 0.28885996  0.28885996  0.32496746] 	0.479560509285
[ 0.28941333  0.28941333  0.32559   ] 	0.48014175873
[ 0.2899667   0.2899667   0.32621254] 	0.480722977814
[ 0.29052007  0.29052007  0.32683508] 	0.481304167094
[ 0.29107345  0.29107345  0.32745763] 	0.481885327123
[ 0.29162682  0.29162682  0.32808017] 	0.482466458453
[ 0.29218019  0.29218019  0.32870271] 	0.483047561632
[ 0.29273356  0.29273356  0.32932526] 	0.483628637206
[ 0.29328693  0.29328693  0.3299478 ] 	0.484209685718
[ 0.2938403   0.2938403   0.33057034] 	0.484790707709
[ 0.29439368  0.29439368  0.33119289] 	0.485371703717
[ 0.29494705  0.29494705  0.33181543] 	0.485952674277
[ 0.29550042  0.29550042  0.33243797] 	0.486533619923
[ 0.29605379  0.29605379  0.33306051] 	0.487114541184
[ 0.29660716  0.29660716  0.33368306] 	0.48769543859
[ 0.29716053  0.29716053  0.3343056 ] 	0.488276312664
[ 0.29771391  0.29771391  0.33492814] 	0.488857163929
[ 0.29826728  0.29826728  0.33555069] 	0.489437992907
[ 0.29882065  0.29882065  0.33617323] 	0.490018800114
[ 0.29937402  0.29937402  0.33679577] 	0.490599586067
[ 0.29992739  0.29992739  0.33741832] 	0.491180351277
